2 0.298438 0.442708 0.090625 0.097917
0 0.353906 0.844792 0.192188 0.172917
1 0.563281 0.317708 0.167188 0.222917
1 0.284375 0.163542 0.165625 0.222917
1 0.117969 0.190625 0.167188 0.222917
1 0.201563 0.540625 0.168750 0.222917
1 0.169531 0.882292 0.167188 0.222917
1 0.467188 0.607292 0.168750 0.222917
2 0.392188 0.746875 0.053125 0.064583
1 0.853906 0.688542 0.167188 0.222917
1 0.937500 0.683333 0.121875 0.212500
1 0.791406 0.457292 0.167188 0.222917
1 0.692969 0.621875 0.167188 0.222917
1 0.691406 0.873958 0.167188 0.222917
1 0.694531 0.869792 0.167188 0.222917
1 0.746094 0.196875 0.167188 0.222917
1 0.196875 0.234375 0.168750 0.222917
1 0.054688 0.638542 0.109375 0.210417
1 0.820312 0.898958 0.168750 0.202083
1 0.916406 0.378125 0.164062 0.222917
1 0.852344 0.100000 0.170313 0.195833
1 0.657031 0.100000 0.170313 0.195833
2 0.847656 0.301042 0.054688 0.068750