1 0.252344 0.027083 0.223438 0.054167
1 0.022656 0.896875 0.045313 0.206250
1 0.011719 0.654167 0.023438 0.291667
1 0.548438 0.263542 0.206250 0.243750
1 0.382031 0.233333 0.160938 0.220833
1 0.380469 0.445833 0.160938 0.220833
1 0.291406 0.638542 0.160938 0.222917
1 0.645313 0.306250 0.140625 0.187500
1 0.265625 0.923958 0.171875 0.152083
1 0.548438 0.893750 0.196875 0.212500
1 0.919531 0.828125 0.160938 0.222917
1 0.111719 0.276042 0.198438 0.235417
1 0.269531 0.120833 0.223438 0.200000
1 0.106250 0.884375 0.162500 0.231250
0 0.064844 0.634375 0.129688 0.293750
2 0.826563 0.240625 0.203125 0.285417
2 0.892969 0.636458 0.201563 0.285417
1 0.733594 0.581250 0.226562 0.312500