1 0.253906 0.050000 0.467188 0.100000
1 0.000000 0.957292 0.000000 0.085417
1 0.267188 0.362500 0.240625 0.258333
1 0.304688 0.488542 0.203125 0.239583
1 0.721094 0.296875 0.217188 0.256250
1 0.755469 0.760417 0.189063 0.241667
1 0.726562 0.845833 0.171875 0.237500
1 0.898438 0.495833 0.200000 0.279167
1 0.468750 0.741667 0.200000 0.279167
1 0.085156 0.439583 0.170313 0.279167
1 0.171875 0.686458 0.187500 0.272917
1 0.376563 0.694792 0.187500 0.272917
0 0.471875 0.244792 0.187500 0.272917
1 0.514844 0.485417 0.220313 0.295833
1 0.284375 0.159375 0.465625 0.318750
1 0.697656 0.081250 0.170313 0.162500