1 0.346094 0.000000 0.214063 0.000000
1 0.103125 0.457292 0.140625 0.181250
1 0.378906 0.727083 0.160938 0.245833
1 0.921094 0.809375 0.151563 0.189583
1 0.300000 0.930208 0.209375 0.139583
1 0.513281 0.906250 0.185938 0.187500
1 0.532813 0.726042 0.168750 0.218750
1 0.347656 0.110417 0.214063 0.216667
1 0.126562 0.855208 0.175000 0.197917
1 0.864063 0.162500 0.140625 0.287500
1 0.404688 0.343750 0.193750 0.204167
1 0.860938 0.582292 0.184375 0.197917
2 0.785156 0.759375 0.170313 0.193750
0 0.913281 0.418750 0.082813 0.091667