1 0.794531 0.725000 0.139063 0.200000
1 0.441406 0.482292 0.182813 0.214583
1 0.067969 0.573958 0.135938 0.193750
1 0.122656 0.403125 0.160938 0.214583
1 0.136719 0.106250 0.164062 0.208333
1 0.208594 0.234375 0.167188 0.210417
1 0.082031 0.226042 0.164062 0.210417
1 0.271094 0.605208 0.182813 0.214583
1 0.416406 0.885417 0.139063 0.195833
1 0.159375 0.914583 0.146875 0.170833
1 0.292187 0.914583 0.146875 0.170833
1 0.917969 0.914583 0.145313 0.170833
1 0.697656 0.158333 0.129688 0.220833
0 0.893750 0.170833 0.193750 0.300000
2 0.446094 0.114583 0.073438 0.083333