1 0.595313 0.697917 0.159375 0.187500
1 0.425000 0.740625 0.171875 0.189583
1 0.179688 0.813542 0.171875 0.218750
1 0.085938 0.461458 0.171875 0.218750
1 0.584375 0.455208 0.171875 0.218750
1 0.590625 0.242708 0.171875 0.218750
1 0.447656 0.195833 0.192188 0.250000
1 0.345313 0.394792 0.162500 0.210417
1 0.246094 0.342708 0.179688 0.243750
1 0.259375 0.575000 0.178125 0.179167
1 0.195312 0.106250 0.187500 0.208333
1 0.712500 0.288542 0.140625 0.218750
1 0.920313 0.322917 0.156250 0.216667
1 0.906250 0.518750 0.156250 0.204167
1 0.284375 0.636458 0.131250 0.235417
0 0.807813 0.803125 0.353125 0.393750