0 0.650000 0.636458 0.212500 0.239583
2 0.741406 0.469792 0.079688 0.097917
1 0.151563 0.288542 0.178125 0.239583
1 0.273438 0.646875 0.131250 0.189583
1 0.065625 0.817708 0.131250 0.189583
1 0.325781 0.776042 0.198438 0.239583
1 0.492969 0.811458 0.198438 0.239583
1 0.336719 0.452083 0.173438 0.191667
1 0.325781 0.216667 0.167188 0.250000
1 0.642188 0.328125 0.153125 0.222917
1 0.832813 0.407292 0.153125 0.222917
1 0.931250 0.407292 0.134375 0.297917
1 0.487500 0.603125 0.153125 0.222917
1 0.482813 0.375000 0.153125 0.225000
1 0.513281 0.120833 0.204688 0.237500
1 0.682031 0.082292 0.157813 0.160417
1 0.181250 0.113542 0.221875 0.222917
1 0.946094 0.616667 0.104688 0.229167
1 0.859375 0.113542 0.153125 0.222917