0 0.204688 0.030208 0.293750 0.060417
1 0.223438 0.146875 0.293750 0.252083
1 0.602344 0.114583 0.189063 0.229167
1 0.728906 0.398958 0.189063 0.256250
1 0.730469 0.201042 0.189063 0.256250
1 0.825781 0.207292 0.189063 0.256250
1 0.909375 0.286458 0.165625 0.260417
1 0.903906 0.412500 0.192188 0.266667
1 0.267188 0.719792 0.193750 0.268750
1 0.673438 0.831250 0.187500 0.229167
1 0.807813 0.800000 0.187500 0.229167
1 0.520313 0.407292 0.168750 0.218750
1 0.139063 0.565625 0.190625 0.231250
1 0.450000 0.863542 0.190625 0.272917
1 0.601562 0.686458 0.218750 0.268750
1 0.442969 0.547917 0.217188 0.266667
1 0.196094 0.361458 0.235938 0.272917
2 0.432813 0.291667 0.196875 0.266667
2 0.746875 0.557292 0.068750 0.081250