1 0.770313 0.683333 0.159375 0.204167
1 0.689844 0.113542 0.173438 0.222917
1 0.536719 0.088542 0.173438 0.172917
1 0.329688 0.081250 0.178125 0.158333
1 0.902344 0.428125 0.148438 0.177083
1 0.357031 0.725000 0.154688 0.208333
1 0.507031 0.770833 0.154688 0.208333
1 0.889063 0.910417 0.137500 0.179167
1 0.621094 0.464583 0.204688 0.262500
1 0.404688 0.911458 0.153125 0.177083
1 0.296094 0.911458 0.154688 0.177083
1 0.241406 0.557292 0.154688 0.177083
1 0.125000 0.073958 0.212500 0.143750
0 0.438281 0.339583 0.360938 0.350000
2 0.782031 0.067708 0.054688 0.081250