0 0.595313 0.006250 0.212500 0.012500
1 0.922656 0.015625 0.154688 0.031250
1 0.002344 0.488542 0.004688 0.314583
1 0.008594 0.214583 0.017188 0.275000
1 0.114063 0.509375 0.228125 0.314583
1 0.267969 0.622917 0.179688 0.266667
1 0.302344 0.326042 0.135938 0.231250
1 0.378906 0.341667 0.135938 0.233333
1 0.372656 0.196875 0.117188 0.189583
1 0.516406 0.673958 0.154688 0.235417
1 0.565625 0.917708 0.171875 0.164583
1 0.620313 0.920833 0.171875 0.158333
1 0.655469 0.616667 0.160938 0.225000
1 0.788281 0.528125 0.160938 0.222917
1 0.558594 0.473958 0.192188 0.231250
1 0.770313 0.912500 0.162500 0.175000
1 0.053906 0.736458 0.107813 0.222917
1 0.065625 0.222917 0.115625 0.275000
1 0.586719 0.091667 0.214063 0.183333
1 0.850000 0.632292 0.162500 0.222917
1 0.821875 0.719792 0.162500 0.222917
2 0.797656 0.836458 0.160938 0.222917
2 0.927344 0.883333 0.117188 0.216667
2 0.914062 0.197917 0.171875 0.308333
1 0.797656 0.227083 0.189063 0.275000