1 0.496875 0.901042 0.215625 0.197917
1 0.265625 0.350000 0.187500 0.195833
1 0.067969 0.443750 0.135938 0.195833
1 0.467188 0.493750 0.143750 0.200000
1 0.667969 0.902083 0.135938 0.195833
1 0.587500 0.688542 0.131250 0.177083
1 0.869531 0.095833 0.185938 0.187500
1 0.752344 0.583333 0.148438 0.179167
1 0.074219 0.633333 0.148438 0.179167
1 0.060156 0.820833 0.120313 0.179167
1 0.367188 0.496875 0.125000 0.156250
0 0.559375 0.235417 0.221875 0.266667
2 0.565625 0.434375 0.046875 0.060417
2 0.175000 0.488542 0.046875 0.060417