1 0.599219 0.788542 0.217188 0.210417
1 0.562500 0.517708 0.221875 0.268750
1 0.802344 0.418750 0.154688 0.195833
1 0.742969 0.692708 0.170313 0.272917
1 0.910156 0.535417 0.179688 0.237500
1 0.882031 0.712500 0.201563 0.229167
1 0.435156 0.547917 0.201563 0.229167
1 0.310156 0.535417 0.217188 0.250000
1 0.595313 0.936458 0.203125 0.127083
2 0.221875 0.807292 0.062500 0.081250
2 0.306250 0.912500 0.087500 0.087500
2 0.086719 0.734375 0.095313 0.135417
2 0.180469 0.868750 0.092188 0.112500
2 0.367969 0.123958 0.089063 0.093750
2 0.900000 0.278125 0.056250 0.068750
0 0.835156 0.876042 0.242188 0.247917