0 0.580469 0.000000 0.295313 0.000000
1 0.387500 0.005208 0.175000 0.010417
1 0.079688 0.017708 0.153125 0.035417
1 0.003906 0.620833 0.007812 0.275000
1 0.596094 0.173958 0.295313 0.347917
1 0.360938 0.319792 0.228125 0.218750
1 0.392969 0.073958 0.176563 0.143750
1 0.925781 0.232292 0.132812 0.235417
1 0.265625 0.173958 0.165625 0.218750
1 0.185156 0.509375 0.148438 0.193750
1 0.541406 0.423958 0.148438 0.193750
1 0.633594 0.419792 0.148438 0.193750
1 0.705469 0.390625 0.148438 0.193750
1 0.735156 0.344792 0.148438 0.193750
1 0.814844 0.292708 0.148438 0.193750
1 0.921094 0.632292 0.148438 0.193750
1 0.943750 0.451042 0.112500 0.227083
1 0.535156 0.937500 0.145313 0.125000
1 0.572656 0.581250 0.182813 0.191667
1 0.377344 0.809375 0.145313 0.172917
1 0.074219 0.608333 0.148438 0.275000
1 0.207813 0.826042 0.190625 0.268750