1 0.677344 0.006250 0.167188 0.012500
1 0.539844 0.648958 0.167188 0.202083
1 0.671094 0.106250 0.167188 0.200000
1 0.338281 0.314583 0.170313 0.237500
1 0.130469 0.339583 0.201563 0.266667
1 0.610938 0.302083 0.181250 0.220833
1 0.914062 0.287500 0.171875 0.216667
1 0.362500 0.546875 0.165625 0.247917
1 0.789062 0.486458 0.187500 0.268750
1 0.167969 0.761458 0.189063 0.256250
2 0.738281 0.909375 0.167188 0.181250
2 0.720313 0.735417 0.087500 0.095833
2 0.624219 0.565625 0.070312 0.093750
0 0.427344 0.666667 0.073438 0.100000