1 0.802344 0.734375 0.164062 0.214583
1 0.619531 0.764583 0.123438 0.145833
1 0.945312 0.654167 0.106250 0.229167
1 0.591406 0.363542 0.145313 0.168750
1 0.346875 0.087500 0.168750 0.170833
1 0.751563 0.271875 0.159375 0.222917
1 0.154688 0.100000 0.215625 0.195833
1 0.131250 0.855208 0.156250 0.214583
1 0.064063 0.579167 0.128125 0.258333
1 0.579688 0.920833 0.137500 0.158333
1 0.083594 0.334375 0.167188 0.218750
1 0.688281 0.103125 0.195312 0.202083
1 0.338281 0.827083 0.195312 0.204167
2 0.862500 0.929167 0.068750 0.091667
0 0.352344 0.580208 0.242188 0.389583
2 0.882031 0.403125 0.076563 0.072917