0 0.546875 0.392708 0.303125 0.402083
1 0.882031 0.729167 0.182813 0.216667
1 0.813281 0.886458 0.173438 0.222917
1 0.727344 0.798958 0.173438 0.222917
1 0.665625 0.665625 0.140625 0.227083
1 0.631250 0.719792 0.140625 0.227083
1 0.596875 0.748958 0.140625 0.227083
1 0.543750 0.769792 0.140625 0.227083
1 0.143750 0.731250 0.165625 0.212500
1 0.082031 0.879167 0.164062 0.212500
1 0.120313 0.120833 0.165625 0.212500
1 0.097656 0.204167 0.195312 0.225000
1 0.875000 0.370833 0.193750 0.225000
1 0.793750 0.242708 0.193750 0.227083
1 0.873438 0.172917 0.193750 0.225000
1 0.482813 0.075000 0.190625 0.145833
1 0.535938 0.944792 0.134375 0.110417
1 0.469531 0.952083 0.129688 0.095833