1 0.027344 0.016667 0.054688 0.033333
1 0.496094 0.004167 0.214063 0.008333
1 0.258594 0.042708 0.220313 0.085417
1 0.092188 0.047917 0.184375 0.095833
1 0.000781 0.772917 0.001563 0.254167
1 0.039062 0.989583 0.068750 0.020833
1 0.488281 0.350000 0.210938 0.270833
1 0.153906 0.427083 0.210938 0.270833
1 0.673438 0.158333 0.203125 0.308333
1 0.871094 0.164583 0.204688 0.308333
1 0.818750 0.435417 0.203125 0.308333
1 0.857813 0.731250 0.203125 0.308333
1 0.792969 0.784375 0.204688 0.310417
1 0.410156 0.500000 0.189063 0.262500
1 0.664062 0.436458 0.187500 0.264583
1 0.069531 0.378125 0.139063 0.264583
2 0.527344 0.093750 0.214063 0.187500
2 0.283594 0.129167 0.220313 0.200000
2 0.333594 0.502083 0.170313 0.254167
0 0.291406 0.570833 0.170313 0.254167
1 0.243750 0.629167 0.168750 0.254167
1 0.138281 0.704167 0.170313 0.254167