0 0.302344 0.562500 0.301563 0.370833
0 0.400000 0.865625 0.231250 0.268750
2 0.150000 0.740625 0.059375 0.089583
2 0.889063 0.221875 0.059375 0.089583
1 0.698438 0.416667 0.206250 0.291667
1 0.764063 0.742708 0.168750 0.243750
1 0.915625 0.821875 0.165625 0.243750
1 0.815625 0.923958 0.175000 0.152083
1 0.124219 0.103125 0.132812 0.202083
1 0.177344 0.151042 0.129688 0.231250
1 0.226562 0.186458 0.134375 0.231250
1 0.292969 0.228125 0.132812 0.231250
1 0.374219 0.290625 0.132812 0.231250
1 0.066406 0.703125 0.132812 0.231250
1 0.053906 0.850000 0.107813 0.233333
1 0.783594 0.157292 0.114063 0.218750
1 0.711719 0.153125 0.129688 0.214583
1 0.492188 0.142708 0.146875 0.218750
1 0.588281 0.712500 0.176563 0.245833