1 0.227344 0.000000 0.207813 0.000000
1 0.228125 0.084375 0.206250 0.164583
1 0.560937 0.382292 0.137500 0.227083
1 0.510156 0.608333 0.142187 0.195833
1 0.685156 0.101042 0.142187 0.193750
1 0.714844 0.834375 0.151563 0.193750
1 0.935938 0.425000 0.128125 0.195833
1 0.879688 0.145833 0.128125 0.195833
1 0.837500 0.903125 0.140625 0.172917
1 0.141406 0.735417 0.139063 0.237500
1 0.220313 0.315625 0.150000 0.214583
1 0.357813 0.268750 0.143750 0.179167
1 0.240625 0.516667 0.178125 0.216667
1 0.358594 0.654167 0.132812 0.195833
1 0.400000 0.762500 0.143750 0.187500
0 0.289062 0.826042 0.168750 0.210417
2 0.720313 0.533333 0.275000 0.320833