1 0.892969 0.032292 0.214063 0.064583
1 0.478125 0.000000 0.190625 0.000000
1 0.641406 0.010417 0.070312 0.020833
1 0.038281 0.064583 0.076563 0.129167
1 0.871875 0.492708 0.215625 0.272917
1 0.589063 0.645833 0.218750 0.333333
1 0.845313 0.250000 0.215625 0.275000
1 0.486719 0.462500 0.185938 0.270833
1 0.449219 0.810417 0.189063 0.266667
1 0.784375 0.692708 0.200000 0.247917
1 0.771875 0.819792 0.200000 0.247917
1 0.452344 0.083333 0.192188 0.166667
1 0.186719 0.228125 0.179688 0.231250
1 0.314063 0.139583 0.140625 0.212500
2 0.259375 0.069792 0.150000 0.139583
2 0.126562 0.081250 0.162500 0.162500
2 0.521094 0.235417 0.185938 0.229167
2 0.347656 0.342708 0.210938 0.222917
0 0.542188 0.916667 0.087500 0.104167