1 0.244531 0.033333 0.201563 0.066667
1 0.514062 0.001042 0.187500 0.002083
1 0.002344 0.512500 0.004688 0.229167
1 0.263281 0.881250 0.217188 0.237500
1 0.476562 0.458333 0.196875 0.204167
1 0.410938 0.676042 0.184375 0.252083
1 0.319531 0.364583 0.207813 0.262500
1 0.269531 0.142708 0.201563 0.227083
1 0.896875 0.797917 0.206250 0.266667
1 0.919531 0.575000 0.160938 0.229167
1 0.846875 0.113542 0.218750 0.227083
1 0.701563 0.056250 0.187500 0.112500
1 0.534375 0.076042 0.187500 0.152083
1 0.105469 0.353125 0.192188 0.252083
1 0.451563 0.750000 0.190625 0.254167
1 0.689844 0.766667 0.179688 0.212500
2 0.581250 0.200000 0.225000 0.295833
2 0.064063 0.484375 0.128125 0.227083
0 0.900000 0.279167 0.171875 0.225000