1 0.055469 0.006250 0.110938 0.012500
1 0.007812 0.593750 0.015625 0.295833
1 0.077344 0.280208 0.154688 0.243750
1 0.091406 0.560417 0.182813 0.295833
1 0.254688 0.834375 0.171875 0.231250
1 0.258594 0.529167 0.204688 0.262500
1 0.402344 0.214583 0.204688 0.262500
1 0.657813 0.864583 0.165625 0.241667
1 0.390625 0.897917 0.178125 0.204167
1 0.595313 0.392708 0.206250 0.247917
1 0.736719 0.107292 0.145313 0.214583
1 0.862500 0.340625 0.187500 0.243750
1 0.883594 0.104167 0.164062 0.208333
2 0.632031 0.617708 0.207813 0.281250
0 0.473438 0.384375 0.178125 0.231250