1 0.117188 0.009375 0.171875 0.018750
1 0.003125 0.720833 0.006250 0.212500
1 0.345313 0.512500 0.156250 0.212500
1 0.637500 0.540625 0.156250 0.210417
1 0.725781 0.569792 0.157813 0.210417
1 0.661719 0.808333 0.176563 0.241667
1 0.463281 0.668750 0.176563 0.241667
1 0.339063 0.873958 0.168750 0.210417
1 0.181250 0.929167 0.187500 0.141667
1 0.280469 0.178125 0.204688 0.285417
1 0.081250 0.713542 0.156250 0.210417
1 0.873438 0.430208 0.156250 0.210417
1 0.582031 0.907292 0.142187 0.181250
1 0.163281 0.583333 0.167188 0.187500
0 0.093750 0.380208 0.171875 0.202083