1 0.638281 0.000000 0.214063 0.000000
1 0.907031 0.057292 0.185938 0.114583
1 0.024219 0.158333 0.048438 0.275000
1 0.553906 0.823958 0.189063 0.243750
1 0.859375 0.935417 0.162500 0.129167
1 0.489063 0.309375 0.256250 0.231250
1 0.620313 0.639583 0.218750 0.220833
1 0.591406 0.160417 0.214063 0.237500
1 0.871094 0.221875 0.192188 0.256250
1 0.421094 0.611458 0.198438 0.264583
1 0.286719 0.498958 0.210938 0.256250
1 0.219531 0.661458 0.220313 0.264583
2 0.135156 0.215625 0.207813 0.277083
2 0.117188 0.385417 0.178125 0.266667
0 0.339063 0.887500 0.178125 0.191667
2 0.106250 0.777083 0.084375 0.104167