1 0.682031 0.401042 0.145313 0.218750
1 0.926563 0.544792 0.143750 0.218750
1 0.811719 0.743750 0.148438 0.241667
1 0.364063 0.833333 0.150000 0.200000
1 0.334375 0.395833 0.146875 0.237500
1 0.487500 0.365625 0.150000 0.222917
1 0.376563 0.589583 0.159375 0.225000
1 0.270313 0.600000 0.159375 0.225000
1 0.221094 0.872917 0.160938 0.225000
1 0.428125 0.067708 0.156250 0.131250
1 0.875781 0.233333 0.167188 0.225000
1 0.259375 0.085417 0.159375 0.166667
1 0.142187 0.069792 0.159375 0.135417
0 0.619531 0.691667 0.292187 0.391667