1 0.002344 0.282292 0.004688 0.102083
1 0.296875 0.118750 0.184375 0.237500
1 0.692969 0.689583 0.185938 0.250000
1 0.527344 0.683333 0.185938 0.250000
1 0.364844 0.813542 0.214063 0.252083
1 0.194531 0.709375 0.151563 0.239583
1 0.857031 0.275000 0.179688 0.208333
1 0.478125 0.070833 0.146875 0.141667
1 0.292187 0.361458 0.184375 0.247917
2 0.941406 0.468750 0.117188 0.241667
2 0.870313 0.932292 0.109375 0.131250
2 0.648438 0.897917 0.062500 0.087500
2 0.841406 0.430208 0.073438 0.114583
0 0.028125 0.283333 0.050000 0.100000