2 0.935938 0.015625 0.128125 0.031250
0 0.857031 0.021875 0.160938 0.043750
1 0.010156 0.245833 0.020313 0.229167
1 0.178125 0.404167 0.075000 0.091667
1 0.567188 0.479167 0.262500 0.341667
1 0.639063 0.710417 0.240625 0.245833
1 0.782813 0.439583 0.175000 0.237500
1 0.924219 0.278125 0.151563 0.235417
1 0.927344 0.182292 0.145313 0.235417
1 0.849219 0.101042 0.160938 0.139583
1 0.605469 0.229167 0.176563 0.158333
1 0.281250 0.630208 0.168750 0.247917
1 0.598438 0.886458 0.168750 0.227083
1 0.853125 0.667708 0.168750 0.247917
1 0.313281 0.116667 0.195312 0.233333
1 0.070312 0.258333 0.128125 0.229167
1 0.086719 0.695833 0.173438 0.233333