1 0.098438 0.843750 0.187500 0.245833
1 0.351562 0.441667 0.187500 0.245833
1 0.652344 0.109375 0.182813 0.214583
1 0.513281 0.302083 0.182813 0.216667
1 0.694531 0.508333 0.173438 0.287500
1 0.936719 0.228125 0.126562 0.243750
1 0.860938 0.939583 0.184375 0.116667
1 0.142187 0.491667 0.187500 0.245833
1 0.316406 0.182292 0.167188 0.185417
1 0.467969 0.951042 0.167188 0.097917
1 0.717969 0.344792 0.204688 0.214583
1 0.817188 0.562500 0.168750 0.245833
2 0.484375 0.736458 0.046875 0.064583
2 0.151563 0.143750 0.056250 0.087500
0 0.628906 0.831250 0.264063 0.337500