0 0.689844 0.433333 0.223438 0.270833
0 0.434375 0.879167 0.234375 0.241667
1 0.679688 0.898958 0.162500 0.202083
1 0.845313 0.846875 0.162500 0.202083
1 0.789062 0.769792 0.162500 0.202083
1 0.400000 0.418750 0.162500 0.200000
1 0.289062 0.580208 0.187500 0.210417
1 0.100781 0.912500 0.173438 0.175000
1 0.065625 0.753125 0.131250 0.177083
1 0.099219 0.619792 0.167188 0.185417
1 0.114844 0.487500 0.167188 0.183333
1 0.082031 0.248958 0.164062 0.256250
1 0.182813 0.075000 0.218750 0.145833
2 0.578906 0.840625 0.089063 0.093750
2 0.798438 0.558333 0.059375 0.087500
2 0.434375 0.268750 0.059375 0.087500
2 0.330469 0.227083 0.057813 0.087500
1 0.448438 0.540625 0.162500 0.202083
1 0.526563 0.651042 0.162500 0.202083
1 0.868750 0.103125 0.178125 0.202083
1 0.928125 0.234375 0.140625 0.197917
1 0.839844 0.228125 0.142187 0.197917
1 0.925781 0.641667 0.145313 0.258333
1 0.296875 0.481250 0.134375 0.158333