1 0.126562 0.045833 0.190625 0.091667
1 0.283594 0.030208 0.182813 0.060417
1 0.034375 0.929167 0.068750 0.141667
1 0.800781 0.342708 0.176563 0.231250
1 0.928906 0.313542 0.132812 0.260417
1 0.567969 0.429167 0.226562 0.275000
1 0.284375 0.873958 0.187500 0.222917
1 0.137500 0.908333 0.190625 0.183333
1 0.235938 0.638542 0.190625 0.260417
1 0.100000 0.411458 0.200000 0.281250
1 0.158594 0.194792 0.189063 0.260417
1 0.354688 0.444792 0.190625 0.260417
1 0.689844 0.761458 0.204688 0.322917
1 0.846094 0.655208 0.185938 0.252083
1 0.802344 0.450000 0.185938 0.250000
1 0.666406 0.095833 0.142187 0.191667
1 0.392969 0.215625 0.170313 0.227083
0 0.300781 0.100000 0.182813 0.154167