1 0.314844 0.007292 0.176563 0.014583
1 0.796094 0.597917 0.192188 0.233333
1 0.446875 0.550000 0.156250 0.208333
1 0.100000 0.740625 0.146875 0.272917
1 0.452344 0.248958 0.185938 0.214583
1 0.810938 0.122917 0.200000 0.245833
1 0.722656 0.365625 0.176563 0.231250
1 0.601562 0.398958 0.193750 0.256250
1 0.661719 0.889583 0.192188 0.208333
1 0.614844 0.634375 0.167188 0.218750
1 0.345313 0.395833 0.162500 0.208333
1 0.218750 0.237500 0.162500 0.254167
1 0.228125 0.467708 0.150000 0.260417
0 0.321094 0.091667 0.176563 0.170833
2 0.313281 0.808333 0.370313 0.383333
2 0.856250 0.227083 0.062500 0.083333