1 0.686719 0.002083 0.170313 0.004167
1 0.605469 0.003125 0.170313 0.006250
1 0.035156 0.034375 0.070312 0.068750
1 0.014063 0.328125 0.028125 0.268750
1 0.414844 0.101042 0.195312 0.202083
1 0.474219 0.338542 0.198438 0.318750
1 0.410156 0.653125 0.217188 0.285417
1 0.852344 0.344792 0.223438 0.314583
1 0.649219 0.171875 0.170313 0.231250
1 0.118750 0.047917 0.143750 0.095833
1 0.636719 0.505208 0.214063 0.277083
1 0.076563 0.555208 0.153125 0.222917
1 0.086719 0.717708 0.173438 0.239583
1 0.411719 0.885417 0.148438 0.225000
0 0.064844 0.352083 0.129688 0.270833