1 0.024219 0.906250 0.048438 0.187500
1 0.138281 0.887500 0.210938 0.225000
1 0.346094 0.468750 0.210938 0.279167
1 0.609375 0.103125 0.203125 0.206250
1 0.491406 0.301042 0.204688 0.247917
1 0.692969 0.470833 0.201563 0.316667
1 0.903125 0.147917 0.150000 0.266667
1 0.903125 0.866667 0.193750 0.150000
1 0.144531 0.558333 0.210938 0.279167
1 0.284375 0.218750 0.184375 0.216667
1 0.514844 0.943750 0.176563 0.112500
1 0.698438 0.304167 0.225000 0.250000
2 0.819531 0.502083 0.192188 0.275000
2 0.509375 0.736458 0.053125 0.072917
0 0.116406 0.211458 0.064063 0.097917