0 0.604688 0.254167 0.337500 0.491667
1 0.389844 0.382292 0.117188 0.202083
1 0.373438 0.145833 0.146875 0.241667
1 0.234375 0.247917 0.156250 0.170833
1 0.081250 0.198958 0.156250 0.202083
1 0.239844 0.079167 0.160938 0.154167
1 0.270313 0.852083 0.175000 0.208333
1 0.500000 0.926042 0.168750 0.147917
1 0.894531 0.912500 0.207813 0.175000
1 0.919531 0.678125 0.157813 0.222917
1 0.822656 0.240625 0.160938 0.222917
1 0.532031 0.530208 0.160938 0.222917
1 0.769531 0.719792 0.176563 0.189583
1 0.058594 0.395833 0.117188 0.208333
2 0.509375 0.815625 0.071875 0.077083
1 0.329688 0.525000 0.175000 0.208333