0 0.313281 0.379167 0.295313 0.354167
1 0.129688 0.456250 0.134375 0.254167
1 0.721094 0.773958 0.160938 0.239583
1 0.899219 0.808333 0.160938 0.241667
1 0.800781 0.842708 0.160938 0.239583
1 0.445312 0.913542 0.181250 0.172917
1 0.298438 0.914583 0.181250 0.170833
1 0.285938 0.847917 0.181250 0.170833
1 0.662500 0.407292 0.162500 0.193750
1 0.848438 0.503125 0.162500 0.193750
1 0.565625 0.536458 0.206250 0.239583
1 0.894531 0.194792 0.129688 0.197917
1 0.043750 0.393750 0.087500 0.279167
1 0.252344 0.097917 0.232813 0.191667
1 0.428125 0.611458 0.134375 0.177083
1 0.339063 0.687500 0.165625 0.191667
1 0.578906 0.372917 0.160938 0.195833