0 0.921094 0.015625 0.157813 0.031250
2 0.000000 0.559375 0.000000 0.214583
1 0.417188 0.095833 0.228125 0.191667
1 0.882812 0.564583 0.084375 0.095833
1 0.367188 0.408333 0.215625 0.254167
1 0.532813 0.378125 0.184375 0.227083
1 0.546875 0.170833 0.184375 0.229167
1 0.686719 0.733333 0.185938 0.229167
1 0.804688 0.780208 0.184375 0.227083
1 0.656250 0.909375 0.171875 0.181250
1 0.565625 0.934375 0.156250 0.131250
1 0.896094 0.944792 0.173438 0.110417
1 0.125000 0.255208 0.143750 0.197917
1 0.189063 0.300000 0.143750 0.200000
1 0.209375 0.432292 0.143750 0.197917
1 0.151563 0.463542 0.143750 0.197917
1 0.118750 0.503125 0.143750 0.197917
1 0.084375 0.570833 0.168750 0.216667
1 0.118750 0.888542 0.221875 0.185417
1 0.762500 0.163542 0.175000 0.214583
1 0.935156 0.312500 0.129688 0.229167
1 0.917969 0.122917 0.164062 0.200000
1 0.567969 0.698958 0.185938 0.218750
1 0.403125 0.700000 0.128125 0.187500