1 0.919531 0.002083 0.160938 0.004167
1 0.000000 0.304167 0.000000 0.229167
1 0.520313 0.881250 0.159375 0.237500
1 0.682031 0.847917 0.167188 0.195833
1 0.543750 0.242708 0.171875 0.210417
1 0.704688 0.161458 0.181250 0.252083
1 0.549219 0.655208 0.179688 0.197917
1 0.411719 0.092708 0.185938 0.185417
1 0.603906 0.481250 0.132812 0.220833
1 0.918750 0.116667 0.162500 0.220833
1 0.728906 0.417708 0.164062 0.227083
1 0.759375 0.641667 0.162500 0.204167
1 0.267969 0.214583 0.160938 0.225000
1 0.884375 0.389583 0.150000 0.212500
0 0.879688 0.832292 0.181250 0.181250
2 0.067969 0.306250 0.132812 0.229167