0 0.746875 0.004167 0.184375 0.008333
1 0.703125 0.588542 0.259375 0.289583
1 0.522656 0.294792 0.198438 0.239583
1 0.853906 0.453125 0.148438 0.202083
1 0.881250 0.278125 0.212500 0.222917
1 0.609375 0.829167 0.162500 0.216667
1 0.725781 0.858333 0.160938 0.216667
1 0.783594 0.856250 0.160938 0.216667
1 0.889844 0.859375 0.160938 0.214583
1 0.431250 0.745833 0.162500 0.216667
1 0.264063 0.729167 0.162500 0.216667
1 0.162500 0.503125 0.162500 0.214583
1 0.176563 0.111458 0.184375 0.222917
1 0.357031 0.097917 0.185938 0.195833
1 0.742969 0.107292 0.185938 0.202083
2 0.708594 0.264583 0.185938 0.204167
2 0.967969 0.098958 0.064063 0.089583
1 0.112500 0.629167 0.056250 0.066667
1 0.312500 0.465625 0.200000 0.239583