1 0.687500 0.591667 0.171875 0.229167
1 0.158594 0.292708 0.157813 0.218750
1 0.296094 0.297917 0.142187 0.237500
1 0.175000 0.817708 0.159375 0.193750
1 0.751563 0.755208 0.100000 0.314583
1 0.892188 0.755208 0.165625 0.214583
1 0.624219 0.773958 0.204688 0.247917
1 0.841406 0.339583 0.160938 0.208333
1 0.917188 0.327083 0.165625 0.200000
1 0.650000 0.259375 0.162500 0.222917
1 0.087500 0.576042 0.150000 0.214583
1 0.075000 0.671875 0.150000 0.210417
1 0.514062 0.320833 0.134375 0.233333
0 0.350000 0.697917 0.365625 0.437500