1 0.929688 0.664583 0.137500 0.245833
1 0.801563 0.347917 0.171875 0.258333
1 0.398438 0.555208 0.140625 0.214583
1 0.589063 0.601042 0.178125 0.172917
1 0.455469 0.753125 0.192188 0.210417
1 0.643750 0.830208 0.190625 0.210417
1 0.376563 0.113542 0.150000 0.202083
1 0.267188 0.267708 0.200000 0.177083
1 0.208594 0.889583 0.176563 0.220833
1 0.220313 0.646875 0.200000 0.214583
1 0.871094 0.892708 0.185938 0.214583
1 0.675000 0.121875 0.150000 0.202083
1 0.128906 0.407292 0.148438 0.202083
1 0.182813 0.081250 0.150000 0.158333
0 0.545312 0.321875 0.325000 0.460417