1 0.480469 0.000000 0.189063 0.000000
1 0.889844 0.017708 0.220313 0.035417
1 0.011719 0.363542 0.023438 0.235417
1 0.025000 0.044792 0.050000 0.089583
1 0.031250 0.094792 0.062500 0.189583
1 0.846094 0.930208 0.192188 0.139583
1 0.500781 0.201042 0.192188 0.243750
1 0.698438 0.565625 0.153125 0.193750
1 0.134375 0.653125 0.181250 0.243750
1 0.067187 0.392708 0.134375 0.235417
1 0.293750 0.179167 0.181250 0.241667
1 0.164844 0.071875 0.179688 0.143750
1 0.451563 0.098958 0.187500 0.197917
1 0.867188 0.508333 0.190625 0.275000
0 0.835938 0.305208 0.243750 0.335417
2 0.660938 0.929167 0.146875 0.141667
2 0.241406 0.395833 0.198438 0.220833