1 0.799219 0.033333 0.179688 0.066667
1 0.025781 0.091667 0.051563 0.183333
1 0.692188 0.714583 0.212500 0.258333
1 0.902344 0.458333 0.195312 0.258333
1 0.564063 0.202083 0.212500 0.258333
1 0.389063 0.242708 0.190625 0.239583
1 0.270313 0.142708 0.190625 0.239583
1 0.177344 0.305208 0.189063 0.243750
1 0.777344 0.148958 0.179688 0.222917
1 0.554688 0.446875 0.206250 0.222917
1 0.114063 0.107292 0.168750 0.214583
1 0.423438 0.489583 0.193750 0.229167
1 0.582031 0.591667 0.195312 0.254167
0 0.605469 0.832292 0.170313 0.235417
2 0.205469 0.483333 0.223438 0.183333
2 0.282031 0.709375 0.276562 0.343750