1 0.121094 0.060417 0.198438 0.120833
1 0.007031 0.584375 0.014063 0.272917
1 0.648438 0.214583 0.221875 0.308333
1 0.446875 0.247917 0.190625 0.220833
1 0.823438 0.378125 0.209375 0.347917
1 0.694531 0.611458 0.189063 0.256250
1 0.149219 0.180208 0.198438 0.214583
1 0.821094 0.838542 0.139063 0.177083
1 0.477344 0.854167 0.235938 0.275000
1 0.613281 0.775000 0.167188 0.233333
1 0.084375 0.537500 0.168750 0.270833
0 0.801563 0.096875 0.190625 0.193750
1 0.963281 0.766667 0.073438 0.212500
1 0.453906 0.538542 0.364063 0.447917