1 0.000781 0.603125 0.001563 0.481250
1 0.425000 0.575000 0.162500 0.200000
1 0.813281 0.566667 0.129688 0.175000
1 0.643750 0.495833 0.178125 0.233333
1 0.593750 0.884375 0.178125 0.231250
1 0.417188 0.837500 0.178125 0.233333
1 0.668750 0.694792 0.178125 0.218750
1 0.741406 0.178125 0.145313 0.202083
1 0.885156 0.726042 0.185938 0.210417
1 0.126562 0.228125 0.175000 0.214583
1 0.281250 0.235417 0.162500 0.200000
1 0.442969 0.142708 0.170313 0.231250
1 0.596094 0.279167 0.167188 0.254167
1 0.935156 0.241667 0.129688 0.270833
0 0.316406 0.063542 0.160938 0.127083