0 0.407813 0.013542 0.300000 0.027083
1 0.047656 0.038542 0.095313 0.077083
1 0.004688 0.571875 0.009375 0.235417
1 0.021875 0.913542 0.043750 0.172917
1 0.435938 0.180208 0.300000 0.360417
1 0.574219 0.455208 0.160938 0.218750
1 0.425000 0.720833 0.178125 0.233333
1 0.621875 0.729167 0.178125 0.233333
1 0.918750 0.647917 0.162500 0.279167
1 0.679688 0.343750 0.187500 0.279167
1 0.926563 0.260417 0.128125 0.262500
1 0.929688 0.408333 0.140625 0.200000
1 0.802344 0.550000 0.142187 0.200000
1 0.741406 0.890625 0.195312 0.172917
1 0.664062 0.539583 0.178125 0.233333
1 0.696875 0.059375 0.168750 0.118750
1 0.598438 0.057292 0.134375 0.114583
1 0.310156 0.479167 0.179688 0.229167
1 0.260156 0.516667 0.110938 0.162500
1 0.072656 0.550000 0.145313 0.237500
1 0.107031 0.642708 0.151563 0.235417
1 0.103125 0.903125 0.153125 0.193750