1 0.820312 0.228125 0.156250 0.281250
1 0.327344 0.087500 0.179688 0.170833
1 0.552344 0.114583 0.185938 0.216667
1 0.146094 0.375000 0.185938 0.216667
1 0.633594 0.708333 0.185938 0.216667
1 0.760938 0.903125 0.184375 0.193750
1 0.428906 0.850000 0.170313 0.237500
1 0.840625 0.659375 0.165625 0.181250
1 0.657813 0.272917 0.168750 0.225000
1 0.723438 0.480208 0.221875 0.260417
1 0.186719 0.913542 0.170313 0.172917
1 0.064063 0.530208 0.128125 0.218750
0 0.438281 0.514583 0.332813 0.433333
2 0.860938 0.070833 0.059375 0.079167