1 0.008594 0.388542 0.017188 0.289583
1 0.023438 0.200000 0.046875 0.216667
1 0.272656 0.086458 0.195312 0.172917
1 0.308594 0.284375 0.192188 0.235417
1 0.153125 0.842708 0.237500 0.193750
1 0.451563 0.790625 0.196875 0.289583
1 0.481250 0.376042 0.200000 0.239583
1 0.092188 0.436458 0.184375 0.289583
1 0.139844 0.563542 0.220313 0.252083
1 0.722656 0.531250 0.154688 0.195833
0 0.891406 0.650000 0.192188 0.212500
1 0.782813 0.885417 0.218750 0.229167
1 0.718750 0.290625 0.212500 0.264583
1 0.096094 0.235417 0.154688 0.216667