1 0.850781 0.038542 0.151563 0.077083
1 0.090625 0.508333 0.153125 0.204167
1 0.389063 0.605208 0.196875 0.202083
1 0.507031 0.307292 0.229688 0.310417
1 0.569531 0.776042 0.160938 0.235417
1 0.231250 0.244792 0.171875 0.222917
1 0.765625 0.658333 0.162500 0.254167
1 0.832813 0.138542 0.153125 0.172917
2 0.246094 0.478125 0.226562 0.289583
2 0.138281 0.786458 0.254688 0.322917
2 0.400781 0.372917 0.085938 0.108333
2 0.582031 0.470833 0.089063 0.100000
1 0.354688 0.065625 0.065625 0.072917
1 0.644531 0.803125 0.160938 0.235417