1 0.614844 0.020833 0.204688 0.041667
1 0.852344 0.034375 0.189063 0.068750
1 0.043750 0.046875 0.087500 0.093750
1 0.492969 0.859375 0.189063 0.218750
1 0.310156 0.848958 0.198438 0.235417
1 0.577344 0.263542 0.198438 0.235417
1 0.585156 0.108333 0.204688 0.216667
1 0.689063 0.836458 0.221875 0.285417
1 0.478906 0.411458 0.189063 0.218750
1 0.403906 0.280208 0.189063 0.218750
1 0.810156 0.211458 0.189063 0.218750
1 0.892969 0.685417 0.198438 0.254167
1 0.025781 0.751042 0.051563 0.231250
2 0.150781 0.765625 0.189063 0.218750
2 0.129688 0.064583 0.150000 0.129167
2 0.421094 0.655208 0.189063 0.297917
2 0.563281 0.641667 0.095313 0.116667
0 0.733594 0.676042 0.123438 0.152083