1 0.904688 0.758333 0.153125 0.195833
1 0.944531 0.535417 0.107813 0.275000
1 0.425781 0.373958 0.195312 0.235417
1 0.307031 0.629167 0.160938 0.225000
1 0.653125 0.730208 0.156250 0.243750
1 0.093750 0.497917 0.187500 0.229167
1 0.426563 0.090625 0.165625 0.177083
1 0.778906 0.277083 0.207813 0.204167
1 0.821875 0.445833 0.196875 0.270833
1 0.470313 0.753125 0.196875 0.210417
1 0.637500 0.081250 0.193750 0.158333
2 0.649219 0.917708 0.060938 0.093750
2 0.546875 0.171875 0.059375 0.085417
0 0.251563 0.172917 0.246875 0.316667