0 0.917969 0.013542 0.151563 0.027083
1 0.855469 0.001042 0.151563 0.002083
1 0.003906 0.283333 0.007812 0.220833
1 0.357813 0.621875 0.337500 0.385417
1 0.718750 0.480208 0.175000 0.210417
1 0.717969 0.276042 0.179688 0.235417
1 0.408594 0.279167 0.139063 0.216667
1 0.757812 0.746875 0.181250 0.214583
1 0.736719 0.853125 0.182813 0.214583
1 0.271875 0.871875 0.168750 0.193750
1 0.834375 0.453125 0.168750 0.193750
1 0.075781 0.773958 0.151563 0.214583
1 0.047656 0.289583 0.089063 0.220833
1 0.423438 0.884375 0.190625 0.164583
1 0.339063 0.084375 0.168750 0.168750
1 0.525781 0.189583 0.167188 0.233333
1 0.910156 0.116667 0.151563 0.187500
2 0.847656 0.134375 0.151563 0.189583