1 0.400000 0.858333 0.162500 0.195833
1 0.565625 0.914583 0.153125 0.170833
1 0.122656 0.357292 0.160938 0.222917
1 0.282031 0.130208 0.160938 0.222917
1 0.453906 0.292708 0.179688 0.222917
1 0.415625 0.475000 0.143750 0.225000
1 0.507031 0.643750 0.142187 0.225000
1 0.444531 0.686458 0.107813 0.160417
1 0.950781 0.168750 0.095313 0.216667
1 0.863281 0.328125 0.179688 0.222917
1 0.590625 0.223958 0.153125 0.218750
1 0.493750 0.081250 0.156250 0.158333
1 0.739063 0.207292 0.184375 0.202083
1 0.161719 0.871875 0.160938 0.222917
1 0.941406 0.891667 0.114063 0.191667
0 0.720313 0.532292 0.318750 0.422917
2 0.959375 0.703125 0.053125 0.060417