1 0.292969 0.616667 0.164062 0.204167
1 0.292969 0.739583 0.164062 0.204167
1 0.081250 0.495833 0.162500 0.204167
1 0.399219 0.091667 0.164062 0.179167
1 0.817969 0.193750 0.160938 0.233333
1 0.212500 0.107292 0.162500 0.181250
1 0.228125 0.414583 0.162500 0.225000
1 0.525000 0.447917 0.162500 0.204167
1 0.937500 0.345833 0.121875 0.208333
1 0.450781 0.867708 0.157813 0.210417
1 0.407813 0.296875 0.159375 0.210417
0 0.727344 0.791667 0.257812 0.287500
2 0.701563 0.250000 0.056250 0.075000
2 0.032813 0.873958 0.065625 0.085417