1 0.865625 0.006250 0.193750 0.012500
1 0.458594 0.000000 0.329688 0.000000
1 0.727344 0.811458 0.176563 0.177083
1 0.905469 0.761458 0.176563 0.177083
1 0.515625 0.888542 0.128125 0.210417
1 0.894531 0.307292 0.192188 0.227083
1 0.774219 0.464583 0.192188 0.225000
1 0.125781 0.454167 0.192188 0.225000
1 0.232813 0.431250 0.193750 0.225000
1 0.474219 0.505208 0.154688 0.172917
1 0.861719 0.110417 0.195312 0.200000
1 0.110156 0.235417 0.132812 0.220833
2 0.078906 0.804167 0.157813 0.262500
2 0.306250 0.917708 0.159375 0.156250
0 0.635938 0.198958 0.062500 0.089583