0 0.083594 0.072917 0.167188 0.145833
1 0.242969 0.027083 0.179688 0.054167
1 0.050781 0.956250 0.101562 0.087500
1 0.311719 0.339583 0.239063 0.308333
1 0.482813 0.689583 0.206250 0.266667
1 0.489063 0.241667 0.206250 0.266667
1 0.643750 0.576042 0.171875 0.235417
1 0.810156 0.615625 0.170313 0.235417
1 0.762500 0.668750 0.171875 0.233333
1 0.678906 0.825000 0.229688 0.283333
1 0.399219 0.585417 0.182813 0.225000
1 0.293750 0.859375 0.237500 0.281250
1 0.100781 0.213542 0.201563 0.239583
1 0.284375 0.173958 0.181250 0.210417
1 0.641406 0.075000 0.201563 0.150000
1 0.860156 0.253125 0.201563 0.235417
1 0.889063 0.375000 0.200000 0.233333
1 0.922656 0.478125 0.154688 0.243750
1 0.755469 0.220833 0.179688 0.241667
1 0.661719 0.175000 0.179688 0.241667
1 0.702344 0.309375 0.179688 0.243750
1 0.711719 0.360417 0.195312 0.254167
1 0.674219 0.377083 0.195312 0.254167
1 0.621094 0.441667 0.195312 0.254167
2 0.200781 0.704167 0.223438 0.270833