0 0.796875 0.029167 0.190625 0.058333
1 0.942969 0.043750 0.114063 0.087500
1 0.004688 0.219792 0.009375 0.256250
1 0.739844 0.629167 0.404688 0.470833
1 0.277344 0.536458 0.210938 0.256250
1 0.135938 0.261458 0.209375 0.256250
1 0.320312 0.728125 0.184375 0.231250
1 0.181250 0.696875 0.184375 0.231250
1 0.090625 0.551042 0.181250 0.231250
1 0.074219 0.723958 0.148438 0.231250
1 0.396094 0.169792 0.182813 0.231250
1 0.453125 0.180208 0.184375 0.231250
1 0.535938 0.157292 0.184375 0.231250
1 0.606250 0.153125 0.184375 0.231250
1 0.779688 0.133333 0.190625 0.204167
1 0.917188 0.557292 0.165625 0.302083
1 0.467969 0.910417 0.173438 0.179167
1 0.599219 0.921875 0.173438 0.156250
1 0.935156 0.156250 0.129688 0.183333
1 0.614063 0.382292 0.196875 0.197917