1 0.596875 0.017708 0.218750 0.035417
1 0.007031 0.083333 0.014063 0.166667
1 0.007031 0.493750 0.014063 0.437500
1 0.085156 0.816667 0.170313 0.200000
1 0.186719 0.118750 0.192188 0.237500
1 0.248438 0.319792 0.184375 0.289583
1 0.346094 0.470833 0.151563 0.283333
1 0.420313 0.215625 0.193750 0.247917
1 0.571094 0.290625 0.220313 0.252083
1 0.568750 0.113542 0.218750 0.227083
1 0.509375 0.529167 0.246875 0.308333
1 0.809375 0.313542 0.178125 0.231250
1 0.852344 0.732292 0.176563 0.231250
0 0.417188 0.877083 0.190625 0.241667