0 0.483594 0.422917 0.164062 0.233333
2 0.650781 0.475000 0.051563 0.058333
2 0.571094 0.577083 0.051563 0.058333
2 0.959375 0.612500 0.043750 0.070833
1 0.847656 0.345833 0.204688 0.266667
1 0.896094 0.094792 0.148438 0.185417
1 0.925000 0.145833 0.146875 0.187500
1 0.737500 0.147917 0.181250 0.191667
1 0.599219 0.096875 0.179688 0.189583
1 0.326563 0.672917 0.168750 0.208333
1 0.279688 0.894792 0.140625 0.210417
1 0.509375 0.894792 0.140625 0.210417
1 0.307031 0.471875 0.160938 0.206250
1 0.189063 0.190625 0.128125 0.185417
1 0.067969 0.101042 0.135938 0.197917
1 0.464844 0.669792 0.164062 0.222917
1 0.556250 0.732292 0.162500 0.222917
1 0.697656 0.767708 0.170313 0.210417
1 0.462500 0.201042 0.150000 0.189583
1 0.345313 0.251042 0.150000 0.189583
1 0.229688 0.047917 0.165625 0.091667