1 0.588281 0.016667 0.357813 0.033333
1 0.021875 0.093750 0.043750 0.187500
1 0.550781 0.658333 0.176563 0.220833
1 0.831250 0.593750 0.190625 0.225000
1 0.682813 0.496875 0.231250 0.272917
1 0.289844 0.654167 0.195312 0.258333
1 0.125781 0.639583 0.198438 0.237500
1 0.402344 0.272917 0.182813 0.225000
1 0.272656 0.221875 0.182813 0.227083
1 0.258594 0.412500 0.182813 0.225000
1 0.744531 0.300000 0.182813 0.225000
1 0.889063 0.297917 0.187500 0.245833
0 0.100000 0.104167 0.150000 0.208333
2 0.499219 0.896875 0.170313 0.206250
2 0.564063 0.144792 0.356250 0.289583