1 0.839063 0.018750 0.156250 0.037500
1 0.671875 0.216667 0.171875 0.250000
1 0.819531 0.473958 0.170313 0.247917
1 0.780469 0.720833 0.204688 0.245833
1 0.893750 0.895833 0.178125 0.208333
1 0.691406 0.892708 0.179688 0.214583
1 0.938281 0.359375 0.123438 0.235417
1 0.828125 0.126042 0.156250 0.197917
1 0.471094 0.826042 0.129688 0.239583
1 0.400781 0.817708 0.198438 0.210417
1 0.212500 0.803125 0.178125 0.243750
1 0.661719 0.398958 0.151563 0.185417
1 0.383594 0.138542 0.167188 0.210417
1 0.141406 0.477083 0.167188 0.208333
1 0.263281 0.114583 0.164062 0.229167
0 0.140625 0.276042 0.190625 0.256250