1 0.275000 0.037500 0.243750 0.075000
1 0.115625 0.064583 0.175000 0.129167
1 0.025781 0.091667 0.051563 0.183333
1 0.036719 0.854167 0.073438 0.291667
1 0.006250 0.568750 0.012500 0.266667
1 0.292969 0.410417 0.226562 0.266667
1 0.505469 0.686458 0.232813 0.322917
1 0.225000 0.613542 0.218750 0.297917
1 0.757812 0.733333 0.243750 0.275000
1 0.898438 0.213542 0.168750 0.327083
1 0.325781 0.180208 0.242188 0.302083
2 0.164062 0.229167 0.175000 0.283333
2 0.121875 0.806250 0.196875 0.300000
0 0.074219 0.520833 0.148438 0.266667