1 0.004688 0.098958 0.009375 0.197917
1 0.002344 0.333333 0.004688 0.220833
1 0.417188 0.765625 0.175000 0.227083
1 0.231250 0.713542 0.203125 0.239583
1 0.251563 0.907292 0.209375 0.172917
1 0.446875 0.472917 0.206250 0.233333
1 0.685938 0.243750 0.206250 0.233333
1 0.514844 0.205208 0.157813 0.214583
1 0.392188 0.273958 0.162500 0.197917
1 0.082813 0.102083 0.156250 0.204167
1 0.078125 0.338542 0.156250 0.222917
1 0.204688 0.484375 0.178125 0.252083
1 0.643750 0.903125 0.178125 0.193750
0 0.763281 0.767708 0.179688 0.235417
2 0.776563 0.545833 0.178125 0.237500