0 0.714844 0.014583 0.179688 0.029167
1 0.532813 0.005208 0.240625 0.010417
1 0.003125 0.455208 0.006250 0.277083
1 0.010938 0.235417 0.021875 0.279167
1 0.016406 0.077083 0.032813 0.154167
1 0.689063 0.552083 0.268750 0.291667
1 0.846875 0.259375 0.150000 0.285417
1 0.545312 0.690625 0.159375 0.214583
1 0.354688 0.741667 0.159375 0.216667
1 0.078125 0.471875 0.156250 0.277083
1 0.087500 0.252083 0.165625 0.279167
2 0.085938 0.084375 0.134375 0.168750
2 0.703125 0.108333 0.181250 0.191667
1 0.521875 0.086458 0.240625 0.172917
1 0.446875 0.390625 0.181250 0.193750
1 0.696094 0.896875 0.270313 0.206250