1 0.017969 0.903125 0.035938 0.193750
1 0.897656 0.658333 0.176563 0.229167
1 0.571875 0.323958 0.143750 0.193750
1 0.132812 0.443750 0.175000 0.220833
1 0.710938 0.173958 0.175000 0.218750
1 0.191406 0.665625 0.182813 0.252083
1 0.093750 0.885417 0.143750 0.195833
1 0.230469 0.936458 0.164062 0.127083
1 0.483594 0.947917 0.167188 0.104167
1 0.699219 0.932292 0.160938 0.102083
0 0.904688 0.153125 0.146875 0.189583
1 0.578125 0.658333 0.268750 0.341667
1 0.759375 0.681250 0.146875 0.229167
1 0.764063 0.513542 0.146875 0.231250
1 0.367188 0.452083 0.156250 0.250000