1 0.633594 0.031250 0.395313 0.062500
1 0.024219 0.161458 0.048438 0.268750
1 0.885938 0.637500 0.200000 0.229167
1 0.658594 0.801042 0.198438 0.264583
1 0.807031 0.790625 0.173438 0.322917
1 0.345313 0.602083 0.215625 0.262500
1 0.470313 0.766667 0.193750 0.216667
1 0.546875 0.521875 0.178125 0.318750
1 0.436719 0.428125 0.198438 0.264583
1 0.096875 0.530208 0.193750 0.268750
1 0.133594 0.215625 0.214063 0.268750
1 0.457813 0.910417 0.206250 0.179167
1 0.691406 0.575000 0.217188 0.229167
1 0.856250 0.347917 0.221875 0.266667
1 0.293750 0.476042 0.162500 0.206250
2 0.260937 0.038542 0.156250 0.077083
0 0.303125 0.819792 0.187500 0.297917