1 0.092188 0.027083 0.184375 0.054167
1 0.429688 0.014583 0.356250 0.029167
1 0.064063 0.035417 0.068750 0.070833
1 0.210938 0.665625 0.171875 0.218750
1 0.375000 0.737500 0.153125 0.216667
1 0.500781 0.723958 0.170313 0.243750
1 0.778906 0.665625 0.185938 0.235417
1 0.907813 0.620833 0.184375 0.266667
1 0.183594 0.919792 0.173438 0.160417
1 0.231250 0.403125 0.193750 0.277083
1 0.077344 0.397917 0.154688 0.212500
1 0.600781 0.502083 0.179688 0.237500
2 0.740625 0.382292 0.175000 0.206250
0 0.878906 0.102083 0.176563 0.204167
2 0.113281 0.189583 0.192188 0.237500