0 0.009375 0.404167 0.018750 0.437500
1 0.185938 0.489583 0.371875 0.437500
1 0.653906 0.436458 0.220313 0.239583
1 0.661719 0.584375 0.192188 0.252083
1 0.674219 0.776042 0.192188 0.252083
1 0.505469 0.700000 0.167188 0.250000
1 0.426563 0.767708 0.178125 0.297917
1 0.307813 0.691667 0.175000 0.237500
1 0.086719 0.702083 0.173438 0.245833
1 0.242188 0.851042 0.215625 0.222917
1 0.525000 0.890625 0.156250 0.218750
1 0.838281 0.905208 0.185938 0.189583
1 0.799219 0.712500 0.185938 0.241667
1 0.837500 0.585417 0.187500 0.241667
2 0.921875 0.685417 0.143750 0.225000
2 0.632812 0.915625 0.081250 0.093750
1 0.631250 0.155208 0.081250 0.093750
1 0.458594 0.115625 0.151563 0.210417
1 0.879688 0.385417 0.203125 0.291667