1 0.139063 0.009375 0.184375 0.018750
1 0.874219 0.222917 0.185938 0.208333
1 0.881250 0.426042 0.175000 0.197917
1 0.767969 0.618750 0.176563 0.220833
1 0.879688 0.762500 0.184375 0.208333
1 0.682813 0.806250 0.181250 0.183333
1 0.539062 0.816667 0.187500 0.204167
1 0.359375 0.845833 0.171875 0.237500
1 0.239063 0.833333 0.162500 0.179167
1 0.218750 0.637500 0.162500 0.233333
1 0.132031 0.540625 0.195312 0.168750
1 0.159375 0.363542 0.196875 0.177083
1 0.400781 0.202083 0.176563 0.208333
1 0.145313 0.137500 0.184375 0.250000
0 0.629688 0.304167 0.196875 0.287500