1 0.495313 0.002083 0.184375 0.004167
1 0.885156 0.025000 0.160938 0.050000
1 0.709375 0.014583 0.171875 0.029167
1 0.465625 0.396875 0.212500 0.231250
1 0.484375 0.090625 0.184375 0.181250
1 0.312500 0.226042 0.184375 0.193750
1 0.218750 0.161458 0.156250 0.189583
1 0.874219 0.125000 0.160938 0.179167
1 0.237500 0.479167 0.156250 0.191667
1 0.682813 0.906250 0.156250 0.187500
1 0.767188 0.898958 0.156250 0.189583
1 0.409375 0.862500 0.156250 0.191667
0 0.826563 0.317708 0.171875 0.243750
2 0.698438 0.097917 0.171875 0.166667
2 0.113281 0.381250 0.170313 0.229167