1 0.138281 0.015625 0.182813 0.031250
1 0.048438 0.046875 0.096875 0.093750
1 0.316406 0.028125 0.223438 0.056250
1 0.923438 0.646875 0.153125 0.281250
1 0.575000 0.219792 0.181250 0.227083
1 0.517969 0.856250 0.198438 0.283333
1 0.194531 0.695833 0.226562 0.295833
1 0.291406 0.927083 0.179688 0.145833
1 0.189844 0.252083 0.182813 0.258333
1 0.072656 0.282292 0.145313 0.297917
1 0.192188 0.491667 0.221875 0.250000
1 0.345313 0.134375 0.221875 0.247917
1 0.367188 0.325000 0.221875 0.250000
1 0.389844 0.535417 0.223438 0.250000
0 0.751563 0.679167 0.221875 0.250000