0 0.591406 0.008333 0.173438 0.016667
1 0.016406 0.137500 0.032813 0.275000
1 0.252344 0.795833 0.364063 0.387500
1 0.591406 0.862500 0.170313 0.212500
1 0.157031 0.451042 0.164062 0.268750
1 0.735938 0.929167 0.146875 0.141667
1 0.796875 0.396875 0.146875 0.185417
1 0.760156 0.733333 0.148438 0.183333
1 0.706250 0.721875 0.156250 0.227083
1 0.479688 0.823958 0.159375 0.243750
1 0.931250 0.287500 0.137500 0.220833
1 0.842188 0.335417 0.156250 0.220833
1 0.639063 0.459375 0.109375 0.181250
1 0.566406 0.475000 0.117188 0.208333
1 0.564063 0.242708 0.196875 0.252083
1 0.580469 0.080208 0.173438 0.160417
1 0.644531 0.187500 0.176563 0.254167
1 0.323438 0.090625 0.181250 0.181250
1 0.100781 0.153125 0.170313 0.281250