1 0.538281 0.007292 0.173438 0.014583
1 0.895313 0.052083 0.168750 0.104167
1 0.003125 0.087500 0.006250 0.175000
1 0.020313 0.203125 0.040625 0.152083
1 0.464063 0.719792 0.181250 0.281250
1 0.285156 0.663542 0.170313 0.197917
1 0.867969 0.722917 0.204688 0.250000
1 0.684375 0.808333 0.181250 0.270833
1 0.850781 0.883333 0.204688 0.233333
1 0.675781 0.438542 0.201563 0.260417
1 0.113281 0.513542 0.210938 0.256250
1 0.229688 0.820833 0.209375 0.233333
1 0.557031 0.372917 0.198438 0.287500
1 0.928906 0.377083 0.142187 0.237500
1 0.905469 0.563542 0.189063 0.256250
1 0.771875 0.266667 0.209375 0.245833
1 0.357031 0.122917 0.192188 0.195833
0 0.193750 0.122917 0.193750 0.245833
2 0.485938 0.920833 0.181250 0.158333
2 0.513281 0.094792 0.173438 0.189583