1 0.117969 0.454167 0.145313 0.208333
1 0.236719 0.296875 0.195312 0.231250
1 0.130469 0.738542 0.170313 0.235417
1 0.514844 0.627083 0.189063 0.233333
1 0.821875 0.332292 0.175000 0.231250
1 0.310156 0.652083 0.198438 0.229167
1 0.571875 0.356250 0.143750 0.191667
1 0.664062 0.259375 0.143750 0.189583
1 0.925781 0.087500 0.142187 0.170833
1 0.892969 0.564583 0.164062 0.175000
1 0.904688 0.656250 0.168750 0.216667
1 0.371094 0.429167 0.167188 0.333333
1 0.217969 0.081250 0.195312 0.158333
1 0.580469 0.230208 0.129688 0.164583
2 0.321094 0.863542 0.067187 0.077083
2 0.444531 0.477083 0.067187 0.079167
2 0.692969 0.402083 0.051563 0.100000
2 0.843750 0.068750 0.068750 0.075000
0 0.700000 0.805208 0.356250 0.389583