0 0.003906 0.825000 0.007812 0.350000
0 0.767188 0.337500 0.225000 0.262500
2 0.117188 0.820833 0.228125 0.358333
2 0.689844 0.191667 0.054688 0.083333
1 0.886719 0.945833 0.054688 0.083333
1 0.878906 0.776042 0.201563 0.210417
1 0.739063 0.811458 0.203125 0.210417
1 0.767188 0.556250 0.203125 0.212500
1 0.852344 0.521875 0.201563 0.210417
1 0.330469 0.703125 0.201563 0.210417
1 0.358594 0.469792 0.201563 0.210417
1 0.431250 0.198958 0.203125 0.210417
1 0.269531 0.290625 0.151563 0.222917
1 0.911719 0.102083 0.151563 0.204167
1 0.934375 0.292708 0.121875 0.218750
1 0.057813 0.239583 0.115625 0.250000