1 0.882812 0.558333 0.153125 0.212500
1 0.718750 0.575000 0.153125 0.212500
1 0.823438 0.345833 0.153125 0.212500
1 0.935156 0.339583 0.126562 0.208333
1 0.511719 0.462500 0.148438 0.204167
1 0.642188 0.367708 0.196875 0.189583
1 0.692188 0.209375 0.184375 0.152083
1 0.856250 0.085417 0.181250 0.166667
1 0.175781 0.225000 0.204688 0.225000
1 0.362500 0.078125 0.196875 0.152083
1 0.533594 0.254167 0.157813 0.212500
1 0.261719 0.500000 0.164062 0.245833
1 0.171094 0.454167 0.164062 0.212500
1 0.815625 0.875000 0.153125 0.212500
1 0.335156 0.716667 0.154688 0.212500
0 0.553906 0.796875 0.357813 0.406250