1 0.177344 0.003125 0.164062 0.006250
1 0.001563 0.845833 0.003125 0.241667
1 0.208594 0.200000 0.164062 0.204167
1 0.451563 0.227083 0.184375 0.229167
1 0.685156 0.247917 0.179688 0.200000
1 0.873438 0.194792 0.150000 0.281250
1 0.143750 0.505208 0.206250 0.297917
1 0.455469 0.436458 0.182813 0.231250
1 0.566406 0.423958 0.164062 0.227083
1 0.521875 0.765625 0.184375 0.231250
1 0.426563 0.655208 0.200000 0.239583
1 0.314063 0.582292 0.200000 0.239583
1 0.154688 0.797917 0.200000 0.241667
1 0.733594 0.411458 0.170313 0.214583
1 0.803906 0.418750 0.170313 0.216667
1 0.758594 0.618750 0.201563 0.229167
1 0.653125 0.838542 0.203125 0.231250
1 0.595313 0.098958 0.243750 0.197917
0 0.302344 0.781250 0.164062 0.204167