0 0.703906 0.250000 0.285938 0.358333
1 0.481250 0.360417 0.171875 0.250000
1 0.307813 0.295833 0.171875 0.250000
1 0.435938 0.631250 0.171875 0.250000
1 0.627344 0.676042 0.164062 0.235417
1 0.438281 0.879167 0.198438 0.241667
1 0.102344 0.427083 0.198438 0.241667
1 0.815625 0.931250 0.175000 0.137500
1 0.860938 0.080208 0.162500 0.156250
1 0.885938 0.415625 0.137500 0.197917
1 0.148438 0.078125 0.156250 0.152083
1 0.052344 0.634375 0.104688 0.168750
1 0.089844 0.840625 0.179688 0.206250
1 0.903125 0.577083 0.146875 0.237500
2 0.763281 0.658333 0.060938 0.100000
1 0.366406 0.115625 0.195312 0.227083
1 0.598438 0.595833 0.150000 0.170833
1 0.648438 0.541667 0.150000 0.170833