1 0.321875 0.015625 0.206250 0.031250
1 0.135938 0.008333 0.215625 0.016667
1 0.010938 0.641667 0.021875 0.462500
1 0.413281 0.742708 0.229688 0.252083
1 0.576562 0.867708 0.159375 0.231250
1 0.852344 0.796875 0.179688 0.239583
1 0.687500 0.722917 0.181250 0.241667
1 0.696094 0.513542 0.179688 0.239583
1 0.539062 0.194792 0.200000 0.247917
1 0.369531 0.369792 0.204688 0.281250
1 0.661719 0.366667 0.195312 0.254167
1 0.340625 0.134375 0.206250 0.252083
1 0.154688 0.160417 0.215625 0.166667
1 0.889063 0.162500 0.184375 0.195833
0 0.908594 0.283333 0.167188 0.225000
2 0.819531 0.050000 0.157813 0.100000