0 0.680469 0.375000 0.235938 0.295833
1 0.785156 0.585417 0.170313 0.212500
1 0.454688 0.621875 0.143750 0.252083
1 0.514062 0.635417 0.109375 0.250000
1 0.564063 0.685417 0.109375 0.250000
1 0.603125 0.722917 0.109375 0.250000
1 0.648438 0.731250 0.109375 0.250000
1 0.224219 0.562500 0.170313 0.212500
1 0.303906 0.537500 0.170313 0.212500
1 0.182813 0.737500 0.171875 0.212500
1 0.050781 0.796875 0.101562 0.214583
1 0.056250 0.285417 0.112500 0.200000
1 0.083594 0.177083 0.167188 0.204167
1 0.363281 0.269792 0.179688 0.231250
1 0.443750 0.095833 0.184375 0.187500
1 0.366406 0.884375 0.179688 0.231250
1 0.638281 0.905208 0.170313 0.189583
1 0.819531 0.159375 0.148438 0.227083
1 0.617969 0.093750 0.145313 0.183333