1 0.536719 0.000000 0.182813 0.000000
1 0.107031 0.020833 0.173438 0.041667
1 0.039844 0.032292 0.079688 0.064583
1 0.193750 0.560417 0.215625 0.241667
1 0.485938 0.702083 0.128125 0.233333
1 0.366406 0.456250 0.214063 0.241667
1 0.368750 0.452083 0.215625 0.241667
1 0.415625 0.344792 0.143750 0.185417
1 0.516406 0.277083 0.214063 0.241667
1 0.555469 0.112500 0.182813 0.225000
1 0.896875 0.102083 0.156250 0.204167
1 0.938281 0.328125 0.114063 0.222917
1 0.613281 0.796875 0.182813 0.247917
1 0.921875 0.814583 0.156250 0.225000
1 0.912500 0.609375 0.175000 0.227083
0 0.821094 0.806250 0.176563 0.191667
2 0.128125 0.181250 0.171875 0.241667
2 0.062500 0.397917 0.125000 0.166667