1 0.007031 0.588542 0.014063 0.243750
1 0.276562 0.538542 0.221875 0.214583
1 0.228906 0.277083 0.210938 0.270833
1 0.070312 0.329167 0.140625 0.266667
1 0.450781 0.203125 0.182813 0.243750
1 0.657813 0.808333 0.181250 0.220833
1 0.528906 0.810417 0.135938 0.200000
1 0.417188 0.760417 0.178125 0.237500
1 0.315625 0.845833 0.212500 0.220833
1 0.248438 0.757292 0.212500 0.218750
1 0.939063 0.783333 0.121875 0.241667
1 0.765625 0.183333 0.203125 0.212500
1 0.569531 0.071875 0.201563 0.143750
0 0.058594 0.568750 0.117188 0.245833
2 0.626563 0.498958 0.434375 0.556250