1 0.879688 0.038542 0.150000 0.077083
1 0.118750 0.792708 0.212500 0.272917
1 0.323438 0.506250 0.212500 0.275000
1 0.360156 0.314583 0.157813 0.195833
1 0.833594 0.514583 0.123438 0.254167
1 0.773438 0.683333 0.168750 0.212500
1 0.861719 0.147917 0.148438 0.187500
1 0.617969 0.150000 0.167188 0.212500
1 0.518750 0.209375 0.215625 0.243750
1 0.241406 0.195833 0.157813 0.195833
1 0.451563 0.731250 0.265625 0.187500
2 0.514844 0.787500 0.176563 0.220833
2 0.945312 0.536458 0.065625 0.089583
2 0.799219 0.303125 0.079688 0.110417
0 0.256250 0.828125 0.106250 0.127083