0 0.003906 0.415625 0.007812 0.218750
2 0.010156 0.113542 0.020313 0.227083
2 0.296875 0.558333 0.300000 0.408333
2 0.167969 0.667708 0.067187 0.072917
1 0.304688 0.016667 0.065625 0.033333
1 0.648438 0.467708 0.065625 0.072917
1 0.122656 0.376042 0.192188 0.218750
1 0.092969 0.442708 0.185938 0.218750
1 0.539844 0.396875 0.176563 0.214583
1 0.630469 0.282292 0.176563 0.214583
1 0.550000 0.158333 0.200000 0.241667
1 0.816406 0.276042 0.232813 0.247917
1 0.824219 0.470833 0.189063 0.275000
1 0.899219 0.901042 0.148438 0.197917
1 0.702344 0.897917 0.223438 0.204167
1 0.480469 0.897917 0.198438 0.204167