1 0.749219 0.837500 0.142187 0.183333
1 0.937500 0.745833 0.121875 0.179167
1 0.306250 0.748958 0.131250 0.227083
1 0.332031 0.193750 0.123438 0.208333
1 0.058594 0.081250 0.117188 0.158333
1 0.535938 0.897917 0.153125 0.204167
1 0.422656 0.928125 0.101562 0.143750
1 0.701563 0.443750 0.159375 0.175000
1 0.842188 0.487500 0.159375 0.175000
1 0.360938 0.413542 0.165625 0.210417
1 0.450000 0.379167 0.168750 0.225000
1 0.082031 0.611458 0.164062 0.210417
2 0.857813 0.137500 0.065625 0.116667
2 0.389844 0.070833 0.092188 0.091667
0 0.682031 0.151042 0.323438 0.297917