1 0.122656 0.044792 0.148438 0.089583
1 0.225781 0.033333 0.151563 0.066667
1 0.033594 0.950000 0.067187 0.100000
1 0.233594 0.311458 0.151563 0.193750
1 0.141406 0.150000 0.148438 0.170833
1 0.242969 0.115625 0.151563 0.152083
1 0.277344 0.498958 0.170313 0.235417
1 0.351562 0.168750 0.156250 0.204167
1 0.862500 0.345833 0.165625 0.237500
1 0.632031 0.450000 0.195312 0.262500
1 0.803125 0.616667 0.181250 0.250000
1 0.863281 0.726042 0.173438 0.227083
1 0.735156 0.100000 0.192188 0.200000
1 0.151563 0.928125 0.206250 0.143750
2 0.139844 0.422917 0.182813 0.245833
0 0.179688 0.687500 0.153125 0.229167