1 0.024219 0.048958 0.048438 0.097917
1 0.706250 0.457292 0.150000 0.202083
1 0.753125 0.429167 0.181250 0.200000
1 0.774219 0.637500 0.195312 0.245833
1 0.210938 0.375000 0.190625 0.266667
1 0.485938 0.835417 0.190625 0.266667
1 0.280469 0.453125 0.192188 0.264583
1 0.416406 0.731250 0.185938 0.225000
1 0.133594 0.064583 0.198438 0.129167
1 0.133594 0.603125 0.189063 0.264583
1 0.285156 0.660417 0.210938 0.312500
1 0.671875 0.839583 0.190625 0.237500
1 0.785938 0.864583 0.190625 0.237500
0 0.957813 0.355208 0.084375 0.206250