1 0.275781 0.019792 0.364063 0.039583
1 0.010938 0.789583 0.021875 0.212500
1 0.003906 0.591667 0.007812 0.175000
1 0.629688 0.293750 0.143750 0.212500
1 0.112500 0.389583 0.143750 0.212500
1 0.081250 0.775000 0.143750 0.212500
1 0.683594 0.502083 0.189063 0.237500
1 0.523438 0.469792 0.171875 0.239583
1 0.646094 0.703125 0.157813 0.239583
1 0.274219 0.650000 0.176563 0.241667
1 0.867188 0.550000 0.171875 0.220833
1 0.753906 0.083333 0.204688 0.166667
1 0.408594 0.925000 0.198438 0.150000
1 0.371875 0.439583 0.171875 0.241667
2 0.083594 0.572917 0.167188 0.175000
0 0.825781 0.289583 0.176563 0.262500