1 0.811719 0.057292 0.376563 0.114583
1 0.013281 0.338542 0.026563 0.218750
1 0.532813 0.853125 0.181250 0.252083
1 0.219531 0.625000 0.160938 0.216667
1 0.727344 0.633333 0.220313 0.262500
1 0.475781 0.531250 0.207813 0.233333
1 0.085938 0.556250 0.171875 0.220833
1 0.082813 0.791667 0.165625 0.225000
1 0.689844 0.952083 0.192188 0.095833
1 0.832813 0.908333 0.209375 0.183333
1 0.368750 0.307292 0.184375 0.256250
1 0.235156 0.282292 0.170313 0.256250
1 0.517188 0.285417 0.168750 0.258333
1 0.365625 0.628125 0.200000 0.239583
0 0.067187 0.370833 0.134375 0.216667