1 0.698438 0.320833 0.156250 0.245833
1 0.657813 0.518750 0.143750 0.229167
1 0.814844 0.129167 0.148438 0.212500
1 0.252344 0.172917 0.148438 0.212500
1 0.160156 0.172917 0.148438 0.212500
1 0.238281 0.406250 0.148438 0.212500
1 0.100781 0.441667 0.148438 0.212500
1 0.264063 0.625000 0.168750 0.225000
1 0.325781 0.741667 0.167188 0.225000
1 0.857031 0.537500 0.142187 0.212500
1 0.828906 0.860417 0.173438 0.220833
1 0.118750 0.777083 0.159375 0.191667
0 0.503125 0.271875 0.303125 0.393750
2 0.427344 0.693750 0.048438 0.066667
2 0.914844 0.384375 0.054688 0.077083