1 0.035938 0.959375 0.071875 0.081250
1 0.023438 0.800000 0.046875 0.262500
1 0.680469 0.171875 0.201563 0.252083
1 0.499219 0.228125 0.157813 0.239583
1 0.542188 0.907292 0.168750 0.185417
1 0.443750 0.513542 0.168750 0.252083
1 0.378125 0.236458 0.140625 0.214583
1 0.851562 0.559375 0.187500 0.268750
1 0.813281 0.754167 0.167188 0.212500
1 0.939844 0.807292 0.120313 0.197917
1 0.754688 0.888542 0.165625 0.143750
1 0.591406 0.679167 0.167188 0.212500
1 0.667188 0.603125 0.178125 0.247917
0 0.144531 0.938542 0.176563 0.122917
2 0.082813 0.775000 0.134375 0.262500
2 0.314063 0.783333 0.403125 0.433333