1 0.000000 0.554167 0.000000 0.291667
1 0.578125 0.505208 0.181250 0.172917
1 0.669531 0.163542 0.154688 0.235417
1 0.389063 0.114583 0.193750 0.229167
1 0.076563 0.570833 0.153125 0.291667
1 0.214844 0.530208 0.176563 0.239583
1 0.394531 0.484375 0.170313 0.202083
1 0.655469 0.706250 0.164062 0.258333
1 0.796875 0.633333 0.159375 0.325000
1 0.928125 0.641667 0.143750 0.316667
1 0.901563 0.306250 0.187500 0.233333
1 0.650000 0.348958 0.187500 0.202083
2 0.679688 0.913542 0.187500 0.172917
0 0.238281 0.340625 0.067187 0.102083