1 0.919531 0.060417 0.160938 0.120833
1 0.539062 0.004167 0.190625 0.008333
1 0.686719 0.031250 0.192188 0.062500
1 0.023438 0.033333 0.046875 0.066667
1 0.012500 0.327083 0.025000 0.229167
1 0.482031 0.763542 0.217188 0.281250
1 0.671875 0.537500 0.209375 0.225000
1 0.717969 0.895833 0.195312 0.208333
1 0.869531 0.548958 0.198438 0.268750
1 0.810938 0.827083 0.184375 0.233333
1 0.649219 0.947917 0.164062 0.104167
1 0.108594 0.726042 0.160938 0.235417
1 0.421875 0.316667 0.184375 0.237500
1 0.893750 0.221875 0.184375 0.239583
1 0.685938 0.342708 0.212500 0.243750
1 0.193750 0.069792 0.184375 0.139583
0 0.269531 0.230208 0.189063 0.231250