0 0.766406 0.514583 0.232813 0.283333
2 0.269531 0.625000 0.085938 0.070833
1 0.532031 0.296875 0.182813 0.235417
1 0.605469 0.197917 0.126562 0.195833
1 0.353906 0.386458 0.154688 0.177083
1 0.242188 0.380208 0.187500 0.189583
1 0.550781 0.513542 0.189063 0.222917
1 0.582031 0.663542 0.189063 0.222917
1 0.688281 0.778125 0.189063 0.222917
1 0.505469 0.871875 0.189063 0.222917
1 0.296094 0.853125 0.189063 0.222917
1 0.116406 0.318750 0.185938 0.179167
1 0.096875 0.213542 0.187500 0.189583
1 0.260156 0.119792 0.164062 0.206250
1 0.789062 0.175000 0.203125 0.254167
1 0.884375 0.266667 0.171875 0.241667
1 0.931250 0.394792 0.134375 0.256250
1 0.937500 0.533333 0.121875 0.258333
1 0.940625 0.656250 0.115625 0.212500
1 0.940625 0.752083 0.115625 0.212500
1 0.899219 0.847917 0.126562 0.216667
1 0.910938 0.940625 0.143750 0.118750
1 0.603906 0.054167 0.145313 0.104167
1 0.500000 0.078125 0.140625 0.152083