0 0.435938 0.001042 0.268750 0.002083
1 0.007812 0.336458 0.015625 0.227083
1 0.000000 0.595833 0.000000 0.300000
1 0.416406 0.134375 0.270313 0.268750
1 0.792188 0.343750 0.178125 0.262500
1 0.514844 0.359375 0.176563 0.264583
1 0.608594 0.527083 0.164062 0.312500
1 0.752344 0.554167 0.164062 0.250000
1 0.325000 0.335417 0.165625 0.250000
1 0.328125 0.613542 0.165625 0.247917
1 0.400000 0.856250 0.181250 0.270833
1 0.846875 0.812500 0.200000 0.270833
1 0.170313 0.083333 0.181250 0.166667
1 0.056250 0.348958 0.112500 0.227083
1 0.054688 0.609375 0.109375 0.302083
1 0.135156 0.736458 0.160938 0.231250